1.588199999999999932e+02
1.693199999999999932e+02
1.676899999999999977e+02
1.797299999999999898e+02
1.792899999999999920e+02
1.700800000000000125e+02
1.716500000000000057e+02
1.627899999999999920e+02
1.551299999999999955e+02
1.665600000000000023e+02
1.700900000000000034e+02
1.776100000000000136e+02
1.774199999999999875e+02
1.662899999999999920e+02
1.668799999999999955e+02
1.616599999999999966e+02
1.590600000000000023e+02
1.570600000000000023e+02
1.826599999999999966e+02
1.654300000000000068e+02
1.659300000000000068e+02
1.602299999999999898e+02
1.744399999999999977e+02
1.576999999999999886e+02
1.675099999999999909e+02
