1.011956218316923213e+02
7.978246817136540869e+01
8.886618635046011150e+01
1.086820232274628779e+02
1.028206604453544912e+02
5.815673728594035197e+01
8.841638815515175054e+01
7.112369182972614112e+01
7.187946402684114844e+01
7.994639648043244051e+01
7.576148406722577988e+01
9.633209405931870606e+01
8.544829228480779193e+01
7.541029775893740350e+01
8.046865275410317508e+01
7.873868693977598809e+01
9.695704144857441520e+01
7.027901525887692458e+01
7.841516291591915433e+01
6.009069689296292438e+01
3.341805989140496536e+01
8.376181194841366562e+01
8.707164832209423366e+01
6.184800917961886313e+01
1.091351475966054352e+02
